power 
1997.843018
1976.139404
1974.9646
1974.130249
1973.294312
1972.460938
1971.627563
1970.794189
1969.960815
1969.127441
1968.294067
1967.460693
1966.627319
1965.793945
1964.960571
1964.127197
1963.293823
1962.460449
1961.626465
1960.793091
1959.959717
1959.126343
1958.292969
1957.459595
1956.626221
1955.792847
1954.959473
1954.126099
1953.29248
1952.459106
1951.625732
1950.792358
1949.958984
1949.12561
1948.292236
1947.458862
1946.625488
1945.792114
1944.95874
1944.125366
1943.290405
1942.457031
1941.623657
1940.790283
1939.956909
1939.123535
1938.290161
1937.456787
1936.623413
1935.790039
1934.956665
1934.123291
1933.289917
1932.456543
1931.623169
1930.789795
1929.956421
1929.123047
1928.289673
1927.456299
1926.622925
1925.789551
1924.956177
1924.122803
1923.289429
1922.456055
1921.622681
1920.789307
1919.955933
1919.122559
1918.289185
1917.455811
1916.622437
1915.789063
1914.955688
1914.122314
1913.28894
1912.455566
1911.622192
1910.788818
1909.955444
1909.12207
1908.288696
1907.455322
1906.621948
1905.788574
1904.9552
1904.121826
1903.288452
1902.455078
1901.621704
1900.78833
1899.954956
1899.121582
1898.288208
1897.454834
1896.62146
1895.788086
1894.954468
1893.699707
1892.858032
1892.024658
1891.191284
1890.205566
1889.372192
1888.538818
1887.705444
1886.87207
1886.038696
1885.205322
1884.371948
1883.538574
1882.7052
1881.871826
1881.038452
1880.205078
1879.371704
1878.53833
1877.704956
1876.871582
1876.038208
1875.204834
1874.37146
1873.538086
1872.704712
1871.871338
1871.037964
1870.20459
1869.371216
1868.537842
1867.704468
1866.871094
1866.03772
1865.204346
1864.370972
1863.537598
1862.704224
1861.87085
1861.037476
1860.204102
1859.370728
1858.537354
1857.703979
1856.870605
1856.037231
1855.203857
1854.370483
1853.537109
1852.703735
1851.870361
1851.036987
1850.203613
1849.370239
1848.536865
1847.703491
1846.870117
1846.036743
1845.203369
1844.369995
1843.536621
1842.703247
1841.869873
1841.036499
1840.203125
1839.369751
1838.536377
1837.703003
1836.869629
1836.036255
1835.202881
1834.369507
1833.536133
1832.702759
1831.869385
1831.036011
1830.202637
1829.369263
1828.535889
1827.702515
1826.869141
1826.035767
1825.202393
1824.369019
1823.535645
1822.702271
1821.868896
1821.035522
1820.202148
1819.368774
1818.5354
1817.702026
1816.868652
1816.035278
1815.201904
1814.36853
1813.535156
1812.701782
1811.868408
1811.035034
1810.20166
1809.368286
1808.534912
1807.701538
1806.868164
1806.03479
1805.201416
1804.368042
1803.534668
1802.701294
1801.86792
1801.034546
1800.201172
1799.367798
1798.534424
1797.70105
1796.867676
1796.034302
1795.200928
1794.367554
1793.53418
1792.700806
1791.867432
1791.034058
1790.200684
1789.36731
1788.533936
1787.700562
1786.867188
1786.033813
1785.200439
1784.367065
1783.533691
1782.700317
1781.866943
1781.033569
1780.200195
1779.366821
1778.533447
1777.700073
1776.866699
1776.033325
1775.199951
1774.366577
1773.533203
1772.699829
1771.866455
1771.033081
1770.199707
1769.366333
1768.532959
1767.699585
1766.866211
1766.032837
1765.199463
1764.366089
1763.532715
1762.699341
1761.865967
1761.032593
1760.199219
1759.365845
1758.532471
1757.699097
1756.865723
1756.032349
1755.198975
1754.365601
1753.532227
1752.698853
1751.865479
1751.032104
1750.19873
1749.365356
1748.531982
1747.693848
1746.860474
1746.0271
1745.193726
1744.360352
1743.526978
1742.692993
1741.859619
1741.026245
1740.192871
1739.359497
1738.526123
1737.69104
1736.857666
1736.024292
1735.190918
1734.357544
1733.52417
1732.681763
1731.848389
1731.015015
1730.181641
1729.348267
1728.514893
1727.669678
1726.836304
1726.00293
1725.169556
1724.336182
1723.502808
1722.669434
1721.83606
1721.002686
1720.169312
1719.335938
1718.502563
1717.669189
1716.835815
1716.002441
1715.169067
1714.335693
1713.502319
1712.668945
1711.835571
1711.002197
1710.168823
1709.335449
1708.502075
1707.668701
1706.835327
1706.001953
1705.168579
1704.335205
1703.501831
1702.668457
1701.835083
1701.001709
1700.168335
1699.334961
1698.501587
1697.668213
1696.834839
1696.001465
1695.168091
1694.334717
1693.501343
1692.667969
1691.834595
1691.001221
1690.167847
1689.334473
1688.446655
1687.613281
1686.779907
1685.946533
1685.113159
1684.279785
1683.446411
1682.613037
1681.779663
1680.946289
1680.112915
1679.279541
1678.446167
1677.612793
1676.779419
1675.946045
1675.112671
1824.279297
1823.445923
1822.612549
1821.779175
1820.945801
1820.112427
1819.279053
1818.445679
1817.612305
1816.778931
1815.945557
1815.112183
1814.278809
1813.445435
1812.612061
1811.778687
1810.945313
1810.111938
1809.278564
1808.44519
1807.611816
1806.778442
1805.945068
1805.111694
1804.27832
1803.444946
1802.611572
1801.778198
1800.944824
1800.11145
1799.278076
1798.444702
1797.611328
1796.777954
1795.94458
1795.111206
1794.277832
1793.444458
1792.611084
1791.77771
1790.944336
1790.110962
1789.277588
1788.444214
1787.61084
1786.777466
1785.944092
1785.110718
1784.277344
1783.43457
1782.490479
1781.657104
1780.82373
1779.990356
1779.156982
1778.323608
1777.490234
1776.65686
1775.823486
1774.990112
1774.156738
1773.323364
1772.48999
1771.656616
1770.823242
1769.989868
1769.156494
1768.32312
1767.489746
1766.656372
1765.822998
1764.989624
1764.15625
1763.322876
1762.489502
1761.656128
1760.822754
1759.98938
1759.156006
1758.322632
1757.489258
1756.655884
1755.82251
1754.989136
1754.155762
1753.322388
1752.489014
1751.65564
1750.822266
1749.988892
1749.155518
1748.322144
1747.48877
1746.655396
1745.822021
1744.988647
1744.155273
1743.321899
1742.488525
1741.655151
1740.821777
1739.988403
1739.155029
1738.321655
1737.488281
1736.654907
1735.716675
1734.883301
1734.049927
1733.216553
1732.383179
1731.549805
1730.716431
1729.883057
1729.049683
1728.216309
1727.382935
1726.549561
1725.716187
1724.882813
1724.049438
1723.216064
1722.38269
1721.549316
1720.715942
1719.882568
1719.049072
1718.215698
1717.382324
1716.54895
1715.715576
1714.882202
1714.039917
1713.206543
1712.373169
1711.539795
1710.706421
1709.873047
1709.039673
1708.206299
1707.372925
1706.539551
1705.706177
1704.872803
1704.037842
1703.204468
1702.371094
1701.53772
1700.704346
1699.870972
1699.037598
1698.204224
1697.37085
1696.537476
1695.704102
1694.870728
1694.037354
1693.203979
1692.370605
1691.537231
1690.703857
1689.870483
1689.037109
1688.203735
1687.370361
1686.536987
1685.703613
1684.79187
1683.958496
1683.125122
1682.291748
1681.458374
1680.625
1679.791626
1678.958252
1678.124878
1677.291504
1676.45813
1675.624756
1674.791382
1673.958008
1673.124634
1672.29126
1671.457886
1670.624512
1669.791138
1668.957764
1668.12439
1667.291016
1666.457642
1665.624268
1664.790894
1663.95752
1663.124146
1662.290771
1661.457397
1660.624023
1659.790649
1658.957275
1658.123901
1657.290527
1656.457153
1655.623779
1654.790405
1653.957031
1653.123657
1652.290283
1651.456909
1650.623535
1649.790161
1648.956787
1648.123413
1647.290039
1646.456665
1645.623291
1644.789917
1643.956543
1643.123169
1642.289795
1641.456421
1640.623047
1639.789673
1638.956299
1638.122925
1637.289551
1636.456177
1635.622803
1634.754883
1633.921509
1633.088135
1632.254761
1631.421387
1630.588013
1629.754639
1628.921265
1628.087891
1627.254517
1626.421143
1625.587769
1624.754395
1623.921021
1623.087646
1622.254272
1621.420898
1620.587524
1619.75415
1618.920776
1618.087402
1617.251953
1616.418579
1615.585205
1614.751831
1613.918457
1613.085083
1612.251709
1611.418335
1610.584961
1609.751587
1608.918213
1608.084839
1607.251465
1606.418091
1605.584717
1604.751343
1603.917969
1603.084595
1602.251221
1601.416382
1600.583008
1599.749634
1598.91626
1598.082886
1597.249512
1596.406006
1595.572632
1594.739258
1593.905884
1593.07251
1592.239136
1591.398438
1590.565063
1589.731689
1588.898315
1588.064941
1587.231567
1586.384155
1585.550781
1584.717407
1583.884033
1583.049438
1582.216064
1581.371826
1580.538452
1579.705078
1578.871704
1578.03833
1577.204956
1576.371582
1575.538208
1574.704834
1573.87146
1573.038086
1572.204712
1571.371338
1570.537964
1569.70459
1568.871216
1568.037842
1567.204468
1566.371094
1565.53772
1564.704346
1563.870972
1563.037598
1562.204224
1561.37085
1560.537476
1559.704102
1558.870728
1558.037354
1557.203979
1556.370605
1555.537231
1554.703857
1553.783569
1552.950195
1552.116821
1551.276123
1550.442749
1549.609375
1548.776001
1547.942627
1547.109253
1546.274658
1545.441284
1544.60791
1543.774536
1542.941162
1542.107788
1541.271118
1540.437744
1539.60437
1538.770996
1537.937622
1537.104248
1536.266113
1535.432739
1534.599365
1533.765991
1532.932617
1532.099243
1531.265869
1530.432495
1529.599121
1528.765747
1527.932373
1527.098999
1526.265625
1525.432251
1524.598877
1523.765503
1522.932129
1522.098755
1521.265381
1520.432007
1519.598633
1518.765259
1517.931885
1517.098511
1516.265137
1515.431763
1514.598389
1513.765015
1512.931641
1512.098267
1511.264893
1510.431519
1509.598145
1508.764771
1507.931396
1507.098022
1506.264648
1505.431274
1504.5979
1503.764526
1502.931152
1502.097778
1501.264404
1500.43103
1499.597656
1498.764282
1497.930908
1497.097534
1496.26416
1495.430786
1494.597412
1493.764038
1492.930664
1492.09729
1491.263916
1490.430542
1489.597168
1488.763794
1487.93042
1487.097046
1486.263672
1485.430298
1484.596924
1483.76355
1482.930176
1482.096802
1481.263428
1480.430054
1479.59668
1478.763306
1477.929932
1477.094727
1476.261353
1475.427979
1474.594604
1473.76123
1472.927856
1472.094482
1471.261108
1470.427734
1469.59436
1468.760986
1467.927612
1467.094238
1466.260864
1465.42749
1464.594116
1463.760742
1462.927368
1462.093994
1461.26062
1460.427246
1459.593872
1458.760498
1457.927124
1457.09375
1456.260376
1455.425415
1454.592041
1453.758667
1452.925293
1452.091919
1451.258545
1450.425171
1449.591797
1448.758423
1447.925049
1447.091675
1446.258301
1445.424927
1444.591553
1443.758179
1442.924805
1442.091431
1441.258057
1440.424683
1439.591309
1438.757935
1437.924561
1437.091187
1436.257813
1435.424438
1434.591064
1433.75769
1432.924316
1432.090942
1431.257568
1430.424194
1429.59082
1428.757446
1427.924072
1427.090698
1426.257324
1425.42395
1424.590576
1423.757202
1422.923828
1422.090454
1421.25708
1420.423706
1419.590332
1418.756958
1417.923584
1417.09021
1416.256836
1415.423462
1414.590088
1413.756714
1412.92334
1412.089966
1411.256592
1410.423218
1409.589844
1408.75647
1407.923096
1407.089722
1406.256348
1405.422974
1404.5896
1403.756226
1402.922852
1402.089478
1401.256104
1400.422485
1399.589111
1398.755737
1397.922363
1397.088989
1396.255615
1395.422241
1394.588867
1393.755493
1392.922119
1392.088745
1391.255371
1390.421997
1389.588623
1388.755249
1387.921875
1387.088501
1386.255127
1385.421753
1384.588379
1383.755005
1382.921631
1382.088257
1381.254883
1380.421509
1379.494019
1378.660645
1377.827271
1376.993896
1376.160522
1375.327148
1374.493774
1373.6604
1372.827026
1371.993652
1371.160278
1370.326904
1369.49353
1368.660156
1367.826782
1366.993408
1366.160034
1365.32666
1364.493286
1363.659912
1362.826538
1361.993164
1361.15979
1360.326416
1359.493042
1358.659668
1357.826294
1356.99292
1356.159546
1355.326172
1354.492798
1353.659424
1352.82605
1351.992676
1351.159302
1350.325928
1349.492554
1348.65918
1347.825806
1346.992432
1346.159058
1345.325684
1344.49231
1343.658936
1342.825562
1341.992188
1341.158813
1340.325439
1339.492065
1338.658691
1337.825317
1336.991943
1336.158569
1335.325195
1334.491821
1333.658447
1332.825073
1331.991699
1331.158325
1330.324951
1329.491577
1328.658203
1327.719971
1326.886597
1326.053223
1325.219849
1324.386475
1323.553101
1322.719727
1321.886353
1321.052979
1320.217529
1319.384155
1318.550781
1317.717407
1316.884033
1316.050659
1315.217285
1314.383911
1313.550537
1312.717163
1311.883789
1311.050415
1310.217041
1309.383667
1308.550293
1307.716919
1306.883545
1306.050171
1305.216797
1304.383423
1303.550049
1302.716675
1301.883301
1301.049927
1300.216553
1299.383179
1298.549805
1297.716431
1296.883057
1296.049683
1295.216309
1294.382935
1293.549561
1292.716187
1291.882813
1291.049438
1290.216064
1289.38269
1288.549316
1287.715942
1286.882568
1286.049194
1285.21582
1284.382446
1283.549072
1282.715698
1281.882324
1281.04895
1280.215576
1279.382202
1278.548828
1277.715454
1276.88208
1276.018066
1275.184692
1274.351318
1273.517944
1272.68457
1271.851196
1271.017822
1270.184448
1269.351074
1268.5177
1267.684326
1266.850952
1266.017578
1265.184204
1264.35083
1263.517456
1262.684082
1261.850708
1261.017334
1260.183105
1259.349731
1258.516357
1257.682983
1256.849609
1256.016235
1255.182617
1254.349243
1253.515869
1252.682495
1251.849121
1251.015747
1250.181152
1249.347778
1248.514404
1247.68103
1246.847656
1246.014282
1245.179565
1244.346191
1243.51123
1242.677856
1241.844482
1241.011108
1240.177734
1239.34436
1238.510986
1237.677612
1236.844238
1236.010864
1235.17749
1234.344116
1233.510742
1232.677368
1231.843994
1231.01062
1230.177246
1229.343872
1228.510498
1227.677124
1226.84375
1226.010376
1225.176636
1224.343262
1223.509888
1222.676514
1221.84314
1221.009766
1220.176392
1219.343018
1218.509644
1217.67627
1216.842896
1216.009521
1215.176147
1214.342773
1213.509399
1212.676025
1211.842651
1211.009277
1210.175903
1209.342529
1208.509155
1207.675781
1206.842407
1206.009033
1205.175659
1204.342285
1203.508911
1202.675537
1201.842163
1201.008789
1200.175415
1199.342041
1198.506714
1197.67334
1196.839966
1196.006592
1195.173218
1194.339844
1193.50647
1192.673096
1191.839722
1191.006348
1190.172974
1189.3396
1188.506226
1187.672852
1186.819458
1185.986084
1185.15271
1184.319336
1183.485962
1182.652588
1181.819214
1180.98584
1180.152466
1179.319092
1178.485718
1177.652344
1176.81897
1175.985596
1175.152222
1174.318848
1173.485474
1172.6521
1171.818726
1170.985352
1170.151978
1169.318604
1168.485229
1167.651855
1166.818481
1165.985107
1165.151733
1164.318359
1163.484985
1162.651611
1161.818237
1160.984863
1160.151489
1159.318115
1158.484741
1157.651367
1156.817993
1155.984619
1155.151245
1154.317871
1153.484497
1152.651123
1151.817749
1150.984375
1150.151001
1149.317627
1148.484253
1147.650879
1146.817505
1145.984131
1145.150757
1144.317383
1143.48291
1142.649536
1141.816162
1140.982788
1140.149414
1139.31604
1138.482666
1137.649292
1136.815918
1135.982544
1135.14917
1134.315796
1133.482422
1132.649048
1131.815674
1130.9823
1130.148926
1129.315552
1128.482178
1127.648804
1126.81543
1125.982056
1125.148682
1124.315308
1123.481934
1122.64856
1121.815186
1120.981812
1120.148438
1119.315063
1118.481689
1117.648315
1116.814941
1115.981567
1115.148193
1114.314819
1113.481445
1112.648071
1111.814697
1110.981323
1110.147949
1109.314575
1108.481201
1107.647827
1106.814453
1105.981079
1105.147705
1104.314331
1103.480957
1102.647583
1101.814209
1100.980835
1100.147461
1099.314087
1098.480713
1097.647339
1096.813965
1095.980591
1095.147217
1094.313843
1093.480469
1092.647095
1091.813721
1090.980347
1090.146973
1089.313599
1088.480225
1087.646851
1086.813477
1085.980103
1085.146729
1084.313354
1083.47998
1082.646606
1081.813232
1080.979858
1080.146484
1079.31311
1078.479736
1077.646362
1076.812988
1075.979614
1075.116455
1074.283081
1073.449707
1072.616333
1071.782959
1070.949585
1070.116211
1069.282837
1068.449463
1067.616089
1066.78186
1065.948486
1065.115112
1064.281738
1063.448364
1062.61499
1061.781616
1060.948242
1060.114868
1059.281494
1058.44812
1057.614746
1056.781372
1055.947998
1055.114624
1054.28125
1053.447876
1052.614502
1051.781128
1050.947754
1050.11438
1049.281006
1048.447632
1047.614258
1046.780884
1045.94751
1045.114136
1044.280762
1043.447388
1042.614014
1041.78064
1040.947266
1040.113892
1039.280518
1038.447144
1037.61377
1036.780396
1035.947021
1035.113647
1034.280273
1033.446899
1032.613525
1031.780151
1030.946777
1030.113403
1029.280029
1028.446655
1027.613281
1026.779907
1025.946533
1025.113159
1024.279785
1023.446411
1022.613037
1021.779663
1020.946289
1020.112915
1019.279541
1018.446167
1017.612793
1016.779419
1015.946045
1015.112671
1014.279297
1013.445923
1012.612549
1011.779175
1010.945801
1010.112427
1009.279053
1008.445679
1007.612305
1006.778931
1005.945557
1005.112183
1004.278809
1003.445435
1002.612061
1001.778687
1000.945313
1000.111938
999.278564
998.442688
997.609314
996.77594
995.942566
995.106384
994.27301
993.439636
992.606262
991.769775
990.936401
990.101929
989.268555
988.435181
987.601807
986.768433
985.935059
985.101685
984.268311
983.434937
982.601563
981.768188
980.934814
980.10144
979.268066
978.434692
977.601318
976.767944
975.93457
975.101196
974.267822
973.434448
972.601074
971.7677
970.885254
970.05188
969.218506
968.385132
967.551758
966.70575
965.872375
965.038208
964.204834
963.37146
962.538086
961.704712
960.871338
960.034241
959.200867
958.367188
957.533813
956.700439
955.867065
955.033691
954.200317
953.366943
952.533569
951.700195
950.866821
950.033447
949.200073
948.366699
947.533325
946.699951
945.866577
945.033203
944.199829
943.366455
942.533081
941.699707
940.866333
940.032959
939.199585
938.366211
937.532837
936.699463
935.866089
935.032715
934.199341
933.365967
932.532593
931.699219
930.865845
930.032471
929.194824
928.36145
927.528076
926.694702
925.861328
925.027954
924.187073
923.353699
922.520325
921.686951
920.853577
920.00293
919.169312
918.335938
917.502563
916.669189
915.835815
915.002441
914.164612
913.331238
912.497864
911.66449
910.831116
909.997742
909.152954
908.31958
907.486206
906.652832
905.819458
904.986084
904.149414
903.31604
902.482666
901.649292
900.815918
899.982544
899.143677
898.310303
897.476929
896.643555
895.810181
894.976807
894.130127
893.295532
892.462158
891.628784
890.79541
889.962036
889.128662
888.295288
887.461914
886.61908
885.785706
884.952332
884.118958
883.285583
882.452209
881.618835
880.785461
879.952087
878.716736
877.883362
877.049988
876.216614
875.38324
874.549866
873.716492
872.883118
872.049744
871.21637
870.382996
869.549622
868.716248
867.882874
867.0495
866.216125
865.382751
864.549377
863.716003
862.882629
862.049255
861.215881
860.382507
859.549133
858.715759
857.882385
857.049011
856.215637
855.382263
854.548889
853.715515
852.882141
852.048767
851.215393
850.382019
849.548645
848.715271
847.881897
847.048523
846.215149
845.381775
844.548401
843.715027
842.881653
842.048279
841.214905
840.381531
839.548157
838.714783
837.881409
837.048035
836.214661
835.381287
834.547913
833.714539
832.881165
832.047791
831.214417
830.381042
829.547668
828.714294
827.88092
827.047546
826.214172
825.380798
824.547424
823.71405
822.880676
822.047302
821.213928
820.370422
819.537048
818.703674
817.8703
817.036926
816.203552
815.370178
814.536804
813.70343
812.870056
812.036682
811.203308
810.369934
809.53656
808.703186
807.869812
807.036438
806.203064
805.36969
804.536316
803.702942
802.869568
802.036194
801.20282
800.369446
799.536072
798.702698
797.869324
797.03595
796.202576
795.369202
794.535828
793.702454
792.86908
792.035706
791.202332
790.368958
789.535583
788.702209
787.868835
787.035461
786.202087
785.368713
784.535339
783.701965
782.868591
782.02478
781.191406
780.358032
779.524658
778.691284
777.85791
777.024536
776.191162
775.357788
774.524414
773.69104
772.857666
772.024292
771.190918
770.357544
769.52417
768.690796
767.857422
767.024048
766.190674
765.3573
764.523926
763.690552
762.857178
762.023804
761.19043
760.357056
759.523682
758.687561
757.854187
757.020813
756.187439
755.354065
754.520691
753.674133
752.840759
752.007385
751.174011
750.340637
749.507263
748.665771
747.832397
746.999023
746.165649
745.332275
744.498901
743.664795
742.831421
741.998047
741.164673
740.331299
739.497925
738.658569
737.825195
736.991821
736.158447
735.325073
734.491699
733.658325
732.824951
731.991577
731.158203
730.324829
729.491455
728.658081
727.824707
726.991333
726.157959
725.324585
724.491211
723.657837
722.824463
721.991089
721.157715
720.324341
719.490967
718.657593
717.824219
716.990845
716.157471
715.324097
714.490723
713.657349
712.823975
711.990601
711.157227
710.323853
709.490479
708.657104
707.82373
706.990356
706.156982
705.323608
704.490234
703.65686
702.823486
701.990112
701.156738
700.323364
699.48999
698.656616
697.823242
696.989868
696.156494
695.32312
694.489746
693.656372
692.822998
691.989624
691.15625
690.322876
689.489502
688.656128
687.822754
686.98938
686.156006
685.322632
684.489258
683.655884
682.82251
681.989136
681.155762
680.322388
679.489014
678.65564
677.822266
676.988892
676.155518
675.322144
674.48877
673.655396
672.822021
671.988647
671.155273
670.321899
669.488525
668.655151
667.821777
666.988403
666.155029
665.321655
664.488281
663.654907
662.821533
661.988159
661.154785
660.321411
659.488037
658.654663
657.821289
656.987915
656.15448
655.321106
654.487732
653.654358
652.820984
651.98761
651.154236
650.320862
649.487488
648.654114
647.82074
646.987366
646.153992
645.320618
644.487244
643.65387
642.820496
641.987122
641.153748
640.320374
639.487
638.653625
637.820251
636.986877
636.153503
635.320129
634.486755
633.653381
632.820007
631.986633
631.153259
630.319885
629.486511
628.653137
627.819763
626.986389
626.153015
625.319641
624.486267
623.652893
622.819519
621.986145
621.152771
620.319397
619.486023
618.652649
617.819275
616.985901
616.152527
615.319153
614.485779
613.652405
612.787964
611.95459
611.121216
610.287842
609.454468
608.621094
607.78772
606.954346
606.120972
605.287598
604.454224
603.62085
602.787476
601.954102
601.120728
600.287354
599.453979
598.620605
597.787231
596.953857
596.120483
595.287109
594.453735
593.620361
592.786987
591.953613
591.120239
590.286865
589.453491
588.620117
587.786743
586.953369
586.119995
585.286621
584.453247
583.619873
582.786499
581.953125
581.119751
580.286377
579.453003
578.619629
577.786255
576.952881
576.119507
575.286133
574.452759
573.619385
572.786011
571.952637
571.119263
570.285889
569.452515
568.619141
567.785767
566.952393
566.119019
565.285645
564.452271
563.618896
562.785522
561.952148
561.118774
560.2854
559.452026
558.618652
557.785278
556.951904
556.102417
555.269043
554.435669
553.602295
552.768921
551.935547
551.102173
550.268799
549.435425
548.602051
547.768677
546.935303
546.101929
545.268555
544.435181
543.601807
542.768433
541.935059
541.101685
540.268311
539.434937
538.601563
537.768188
536.934814
536.10144
535.268066
534.434692
533.601318
532.767944
531.934387
531.101013
530.267639
529.434265
528.600891
527.760681
526.927307
526.093933
525.260559
524.427185
523.593811
522.760437
521.927063
521.093689
520.260315
519.426941
518.593567
517.759338
516.925964
516.09259
515.259216
514.425842
513.592468
512.756592
511.923248
511.089905
510.256561
509.423218
508.589874
507.756531
506.923187
506.089844
505.2565
504.423157
503.589813
502.75647
501.923126
501.089783
500.256439
499.423096
498.589752
497.756409
496.923065
496.089722
495.256378
494.423035
493.589691
492.756348
491.923004
491.089661
490.256317
489.422974
488.58963
487.756287
486.922943
486.0896
485.256256
484.422913
483.589569
482.756226
481.922882
481.089539
480.256195
479.422852
478.589508
477.756165
476.922821
476.089478
475.256134
474.422791
473.589447
472.756104
471.92276
471.089417
470.098083
469.26474
468.431396
467.598053
466.764709
465.931366
465.098022
464.264679
463.431335
462.506104
461.67276
460.839417
460.006073
459.172729
458.339386
457.506042
456.672699
455.839355
455.006012
454.172668
453.339325
452.505981
451.672638
450.839294
450.005951
449.172607
448.339264
447.50592
446.672577
445.839233
445.003387
444.170044
443.3367
442.501312
441.667969
440.834625
440.00061
439.167267
438.333923
437.494537
436.661194
435.82785
434.994507
434.161163
433.32782
432.493134
431.65979
430.826447
429.993103
429.15976
428.326416
427.493073
426.659729
425.826385
424.993042
424.159698
423.326355
422.493011
421.659668
420.826324
419.992981
419.159637
418.326294
417.49295
416.659607
415.826263
414.99292
414.159576
413.326233
412.492889
411.659546
410.826202
409.908142
409.074799
408.241425
407.406616
406.573273
405.739929
404.906586
404.073242
403.239899
402.405487
401.572144
400.7388
399.905457
399.072113
398.23877
397.405426
396.572083
395.738739
394.905396
394.072052
393.238708
392.405365
391.572021
390.738678
389.905334
389.071991
388.238647
387.405304
386.57196
385.738617
384.905273
384.07193
383.238586
382.405243
381.571899
380.738556
379.905212
379.071869
378.238525
377.405182
376.571838
375.738495
374.905151
374.071808
373.238464
372.405121
371.571777
370.738434
369.90509
369.071747
368.238403
367.40506
366.571716
365.738373
364.905029
364.071686
363.238342
362.404999
361.571655
360.738312
359.904968
359.071625
358.238281
357.404938
356.571594
355.738251
354.904907
354.071564
353.23822
352.404877
351.571533
350.73819
349.904846
349.071503
348.238159
347.404816
346.571472
345.738129
344.904785
344.071442
343.238098
342.404755
341.571411
340.738068
339.904724
339.071381
338.238037
337.404694
336.57135
335.738007
334.904663
334.07132
333.237976
332.404633
331.571289
330.737946
329.904602
329.071259
328.237915
327.404572
326.571228
325.737885
324.904541
324.071198
323.237854
322.40451
321.571167
320.737823
319.90448
319.071136
318.237793
317.404449
316.571106
315.737762
314.904419
314.071075
313.237732
312.404388
311.571045
310.737701
309.904358
309.071014
308.237671
307.404327
306.570984
305.73764
304.904297
304.070953
303.23761
302.404266
301.570923
300.737579
299.903625
299.070282
298.236938
297.403595
296.570251
295.736908
294.903564
294.070221
293.236877
292.403534
291.57019
290.736847
289.903503
289.07016
288.236816
287.403473
286.570129
285.736786
284.903442
284.070099
283.236755
282.403412
281.570068
280.736725
279.903381
279.070038
278.236694
277.403351
276.570007
275.736664
274.90332
274.069977
273.236633
272.40329
271.569946
270.736603
269.903259
269.069916
268.236572
267.403229
266.569885
265.736542
264.903198
264.068909
263.235565
262.402222
261.568878
260.735535
259.902191
259.068848
258.235504
257.402161
256.568817
255.677185
254.843842
254.010498
253.177155
252.343811
251.510468
250.677124
249.843781
249.010437
248.177094
247.34375
246.510406
245.677063
244.843719
244.010376
243.177032
242.343689
241.510345
240.677002
239.843658
239.010315
238.176971
237.343628
236.510284
235.676941
234.843597
234.010254
233.17691
232.343567
231.510223
230.67688
229.843536
229.010193
228.176849
227.343506
226.510162
225.676819
224.843475
224.010132
223.176788
222.343445
221.510101
220.676758
219.843414
219.010071
218.176727
217.343384
216.51004
215.676697
214.843353
214.01001
213.176666
212.343323
211.509979
210.676636
209.843292
209.009949
208.176605
207.343262
206.509918
205.676575
204.843231
204.009888
203.176544
202.343201
201.509857
200.676514
199.84317
199.009827
198.176483
197.34314
196.509796
195.676453
194.843109
194.009766
193.176422
192.343079
191.509735
190.676392
189.843048
189.009705
188.176361
187.343018
186.509674
185.676331
184.842987
184.009644
183.1763
182.342957
181.509613
180.67627
179.842926
179.009583
178.176239
177.342896
176.509552
175.676208
174.842865
174.009521
173.176178
172.342834
171.509491
170.676147
169.842804
169.00946
168.176117
167.342773
166.50943
165.676086
164.842743
164.009399
163.176056
162.342712
161.509369
160.676025
159.842682
159.009338
158.175995
157.342651
156.509308
155.675964
154.842621
154.009277
153.175934
152.34259
151.509247
150.675903
149.84256
149.009216
148.175873
147.342529
146.509186
145.675842
144.842499
144.009155
143.175812
142.342468
141.509125
140.675781
139.842438
139.009094
138.175751
137.342407
136.509064
135.67572
134.842377
134.009033
133.17569
132.342346
131.509003
130.675659
129.842316
129.008972
128.175629
127.342278
126.508926
125.675575
124.842224
124.008873
123.175522
122.342171
121.50882
120.675468
119.842117
119.008766
118.175415
117.342064
116.508713
115.675362
114.84201
114.008659
113.175308
112.341957
111.508606
110.675255
109.841904
109.008553
108.175201
107.34185
106.508499
105.675148
104.841797
104.008446
103.175095
102.341743
101.508392
100.675041
99.84169
99.008339
98.174988
97.341637
96.508286
95.674934
94.841583
94.008232
93.174881
92.34153
91.508179
90.674828
89.841476
89.008125
88.174774
87.341423
86.504196
85.670845
84.837494
84.004143
83.170792
82.33744
81.498482
80.665131
79.831779
78.93058
78.097229
77.263878
76.430527
75.597176
74.763824
73.930473
73.097122
72.263771
71.43042
70.597069
69.763718
68.930367
68.097015
67.263664
66.430313
65.596962
64.763611
63.930264
63.096916
62.263569
61.430222
60.596874
59.763527
58.93018
58.096832
57.263485
56.415478
55.58213
54.748783
53.915436
53.082088
52.248741
51.401951
50.568604
49.735256
48.901909
48.068562
47.235214
46.401772
45.568424
44.735077
43.90173
43.068382
42.235035
41.397198
40.56385
39.730503
38.897156
38.063808
37.230461
36.389542
35.556194
34.722847
33.8895
33.056152
32.222805
31.389458
30.55611
29.722763
28.889416
28.056068
27.222721
26.389374
25.556026
24.722679
23.889332
23.055984
22.222637
21.38929
20.555943
19.722595
18.889248
18.055901
17.222553
16.389206
15.555858
14.72251
13.889163
13.055816
12.222468
11.38912
10.555773
9.722425
8.889078
8.055731
7.222383
6.389036
5.555688
4.722341
3.888994
3.055646
2.222299
1.388951
0.555604
-0.277744
-0.277744
-0.277744
-0.277744
-0.277744
-0.277744
-0.277744
-0.277744
-0.277744
-0.277744
-0.277744
-0.277744
-0.277744
-0.277744
-0.277744
-0.277744
-0.277744
-0.277744
-0.277744
-0.277744
-0.277744
-0.277744
-0.277744
-0.277744
-0.277744
-0.277744
-0.277744
-0.277744
-0.277744
-0.277744
-0.277744
-0.277744
-0.277744
-0.277744
-0.277744
-0.277744
-0.277744
-0.277744
-0.277744
-0.277744
-0.277744
-0.277744
-0.277744
-0.277744
-0.277744
-0.277744
-0.277744
-0.277744
-0.277744
-0.277744
-0.277744
-0.277744
-0.277744
-0.277744
-0.277744
-0.277744
-0.277744
-0.277744
-0.277744
-0.277744
-0.277744
-0.277744
-0.277744
-0.277744
-0.277744
-0.277744
-0.277744
-0.277744
-0.277744
-0.277744
-0.277744
-0.277744
-0.277744
-0.277744
-0.277744
-0.277744
-0.277744
-0.277744
-0.277744
-0.277744
-0.277744
-0.277744
-0.277744
-0.277744
-0.277744
-0.277744
-0.277744
-0.277744
-0.277744
-0.277744
-0.277744
-0.277744
-0.277744
-0.277744
-0.277744
-0.277744
-0.277744
-0.277744
-0.277744
-0.277744
-0.277744
-0.277744
-0.277744
-0.277744
-0.277744
-0.277744
-0.277744
-0.277744
-0.277744
-0.277744
-0.277744
-0.277744
-0.277744
-0.277744
-0.277744
-0.277744
-0.277744
-0.277744
-0.277744
-0.277744
-0.277744
-0.277744
-0.277744
-0.277744
-0.277744
-0.277744
-0.277744
-0.277744
-0.277744
-0.277744
-0.277744
-0.277744
-0.277744
-0.277744
-0.277744
-0.277744
-0.277744
-0.277744
-0.277744
-0.277744
-0.277744
-0.277744
-0.277744
-0.277744
-0.277744
-0.277744
-0.277744
-0.277744
-0.277744
-0.277744
-0.277744
-0.277744
-0.277744
-0.277744
-0.277744
-0.277744
-0.277744
-0.277744
-0.277744
-0.277744
-0.277744
-0.277744
-0.277744
-0.277744
-0.277744
-0.277744
-0.277744
-0.277744
-0.277744
-0.277744
-0.277744
-0.277744
-0.277744
-0.277744
-0.277744
-0.277744
-0.277744
-0.277744
-0.277744
-0.277744
